structure(list(trip_id = c("27279972", "27279972", "27279972", 
"27279972", "27279972", "27279972", "27279972", "27279972", "27279972", 
"27279972", "27279972", "27279972", "27279972", "27279972", "27279972", 
"27279972", "27279972", "27279972", "27279972", "27279972", "27279972", 
"27279972", "27279972", "27279972", "27279972", "27279972", "27279972"
), arrival_time = c(NA, "18:05:00", "18:06:00", "18:06:00", "18:06:00", 
"18:07:00", "18:07:00", "18:07:00", "18:08:00", "18:08:00", "18:08:00", 
"18:09:00", "18:09:00", "18:09:00", "18:10:00", "18:10:00", "18:10:00", 
"18:11:00", "18:11:00", "18:12:00", "18:12:00", "18:13:00", "18:13:00", 
"18:13:00", "18:14:00", "18:15:00", "18:16:00"), departure_time = c("18:05:00", 
"18:05:00", "18:06:00", "18:06:00", "18:06:00", "18:07:00", "18:07:00", 
"18:07:00", "18:08:00", "18:08:00", "18:08:00", "18:09:00", "18:09:00", 
"18:09:00", "18:10:00", "18:10:00", "18:10:00", "18:11:00", "18:11:00", 
"18:12:00", "18:12:00", "18:13:00", "18:13:00", "18:13:00", "18:14:00", 
"18:15:00", NA), shape_dist_traveled = c(14.3250699362147, 498.015101376924, 
624.084185376659, 788.063912953776, 1023.58099146334, 1285.09802603452, 
1484.05500556996, 1616.05491985522, 1831.06216636845, 2011.08102803702, 
2071.00394729414, 2222.77568920788, 2362.01222504622, 2438.01032738963, 
2560.07396812193, 2820.8589351282, 2857.75496516277, 3011.23634750255, 
3182.00693700652, 3371.32456041446, 3516.00698307359, 3680.05716084387, 
3792.01837013977, 3945.53250062035, 4128.13921209135, 4422.03924806855, 
4716.38230029609), time = c(0, 0, 60, 60, 60, 120, 120, 120, 
180, 180, 180, 240, 240, 240, 300, 300, 300, 360, 360, 420, 420, 
480, 480, 480, 540, 600, 660)), .Names = c("trip_id", "arrival_time", 
"departure_time", "shape_dist_traveled", "time"), row.names = c(NA, 
-27L), class = "data.frame")
