structure(list(x = c(174.290593027156, 532.467388319592, 1428.35689029738, 
2471.45823014796, 2918.82679658762, 3839.15219447237, 5263.38833639748, 
6651.53303661353, 8247.76271286454, 9761.09649845296, 10904.620638692
), v = c(-235.668791256884, -161.681461442389, 80.976541510628, 
341.830564237625, 465.74666220098, 634.715682195754, 941.138817124687, 
1165.34672555441, 1400.19123952508, 1548.58160304899, 1606.77368399484
), a = c(-126.766740837265, -94.7746212823371, -41.6254724308436, 
6.53683055917234, 26.2900985720739, 50.0999126738841, 92.8632619053236, 
114.308057654581, 133.664967070207, 136.005776927823, 127.575650073711
), t = c(1440021969, 1440022031, 1440022091, 1440022151, 1440022160, 
1440022221, 1440022280, 1440022340, 1440022400, 1440022460, 1440022509
), dist = c(222.357281286366, 390.662676321287, 821.005662155666, 
1099.78624298553, 1126.90595669991, 1372.94419137189, 1915.65284022872, 
2172.84393653028, 2643.52585260544, 2991.01010701041, 3259.84123969171
), time = c(69, 131, 191, 251, 260, 321, 380, 440, 500, 560, 
609)), .Names = c("x", "v", "a", "t", "dist", "time"), row.names = c(NA, 
-11L), class = "data.frame")
